1 0.1350 0.9094 0.1350 1 0 0.0587 1 0.0587 0.9094
2 0.2062 0.9100 0.2062 1 0.1350 1 0.1350 0.9100
3 0.2962 0.9141 0.2962 1 0.2062 1 0.2062 0.9141
4 0.4012 0.9141 0.4012 1 0.2962 1 0.2962 0.9141
5 0.4937 0.9141 0.4937 1 0.4012 1 0.4012 0.9141
6 0.5754 0.9141 0.5754 1 0.4937 1 0.4937 0.9141
7 0.6800 0.9141 06800 1 0.5754 1 0.5754 0.9141
8 0.7650 0.9050 0.7650 1 0.6800 1 0.6800 0.9050
9 0.8537 0.8950 0.8537 1 0.7650 1 0.7650 0.8950
10 0.9275 0.8764 0.9275 1 0.8537 1 0.8537 0.8764
11 1 0.9317 1 1 0.9275 1 0.9275 0.9317