675 900
5
stay 3
0 0.0625 0 0.0625 0.14285 0 0.14285 0 0
1 0.1875 0 0.1875 0.14285 0.125 0.14285 0.125 0
2 0.3611 0 0.3611 0.14285 0.2966 0.14285 0.2966 0
run 2
0 0.6866 0 0.6866 0.14285 0.6 0.14285 0.6 0
1 0.7533 0 0.7533 0.14285 0.6866 0.14285 0.6866 0
block 1
0 0.1166 0 0.1166 0.14285 0.0625 0.14285 0.0625 0
drop 8
0 0.3566 0.8242 0.3566 1 0.2977 1 0.2977 0.8242 
1 0.4555 0.8242 0.4555 1 0.3566 1 0.3566 0.8242 
2 0.5411 0.8242 0.5411 1 0.4555 1 0.4555 0.8242 
3 0.6366 0.8242 0.6366 1 0.5411 1 0.5411 0.8242 
4 0.73 0.8242 0.73 1 0.6366 1 0.6366 0.8242 
5 0.8055 0.8242 0.8055 1 0.73 1 0.73 0.8242 
6 0.8644 0.8242 0.8644 1 0.8055 1 0.8055 0.8242 
7 0.9333 0.8242 0.9333 1 0.8644 1 0.8644 0.8242
kick 3
0 0.5411 0.14285 0.5411 0.26 0.4722 0.26 0.4722 0.14285
1 0.6233 0.14285 0.6233 0.26 0.5411 0.26 0.5411 0.14285
2 0.8511 0.14285 0.8511 0.26 0.7777 0.26 0.7777 0.14285