800 800
5
stay2 2
0 0.0825 0 0.0825 0.0825 0 0.0825 0 0
1 0.4212 0.1 0.4212 0.1875 0.33 0.1875 0.33 0.1
run2 3
0 0.1162 0.7752 0.1162 0.8235 0 0.8235 0 0.7752
1 0.225 0.7752 0.225 0.8235 0.1162 0.8235 0.1162 0.7752
2 0.33 0.7752 0.33 0.8235 0.225 0.8235 0.225 0.7752
block2 9
0 0.2612 0 0.2612 0.0647 0.208 0.0647 0.208 0
1 0.3125 0 0.3125 0.0647 0.2612 0.0647 0.2612 0
2 0.3625 0 0.3625 0.0647 0.3125 0.0647 0.3125 0
3 0.4175 0 0.4175 0.0647 0.3625 0.0647 0.3625 0
4 0.4787 0 0.4787 0.0647 0.4175 0.0647 0.4175 0
5 0.5350 0 0.5350 0.0647 0.4787 0.0647 0.4787 0
6 0.5875 0 0.5875 0.0647 0.5350 0.0647 0.5350 0
7 0.6350 0 0.6350 0.0647 0.5875 0.0647 0.5875 0
8 0.6962 0 0.6962 0.0647 0.6350 0.0647 0.6350 0
drop2 12
0 0.0587 0.9141 0.0587 1 0 1 0 0.9141
1 0.1350 0.9094 0.1350 1 0.0587 1 0.0587 0.9094
2 0.2062 0.9100 0.2062 1 0.1350 1 0.1350 0.9100
3 0.2962 0.9141 0.2962 1 0.2062 1 0.2062 0.9141
4 0.4012 0.9141 0.4012 1 0.2962 1 0.2962 0.9141
5 0.4937 0.9141 0.4937 1 0.4012 1 0.4012 0.9141
6 0.59375 0.9141 0.59375 1 0.4937 1 0.4937 0.9141
7 0.6800 0.9141 0.6800 1 0.59375 1 0.59375 0.9141
8 0.7650 0.9050 0.7650 1 0.6800 1 0.6800 0.9050
9 0.8537 0.8950 0.8537 1 0.7650 1 0.7650 0.8950
10 0.9275 0.8764 0.9275 1 0.8537 1 0.8537 0.8764
11 1 0.8788 1 1 0.9275 1 0.9275 0.8788
kick2 4
0 0.475 0.6694 0.475 0.76 0.408 0.76 0.408 0.6694
1 0.555 0.6694 0.555 0.76 0.475 0.76 0.475 0.6694
2 0.656 0.6694 0.656 0.76 0.555 0.76 0.555 0.6694
3 0.745 0.6694 0.745 0.76 0.656 0.76 0.656 0.6694















